    
9 1
10 1
13 1
32 1
33 2
34 3
37 4
38 5
39 6
40 7
41 8
42 9
43 10
44 11
45 12
46 13
47 14
48 15
49 15
50 15
51 15
52 15
53 15
54 15
55 15
56 15
57 15
58 16
59 17
60 18
61 19
62 20
65 21
66 21
67 21
68 21
69 21
70 21
71 21
72 21
73 21
74 21
75 21
76 21
77 21
78 21
79 21
80 21
81 21
82 21
83 21
84 21
85 21
86 21
87 21
88 21
89 21
90 21
91 22
93 23
94 24
95 21
97 21
98 21
99 25
100 26
101 27
102 28
103 21
104 21
105 29
106 21
107 21
108 21
109 21
110 21
111 30
112 21
113 21
114 31
115 21
116 21
117 21
118 32
119 33
120 21
121 21
122 21
123 34
124 35
125 36
126 37
9 1
10 1
13 1
32 1
61 38
9 3
10 3
13 3
32 3
33 3
34 39
35 3
36 3
37 3
38 3
39 3
40 3
41 3
42 3
43 3
44 3
45 3
46 3
47 3
48 3
49 3
50 3
51 3
52 3
53 3
54 3
55 3
56 3
57 3
58 3
59 3
60 3
61 3
62 3
63 3
64 3
65 3
66 3
67 3
68 3
69 3
70 3
71 3
72 3
73 3
74 3
75 3
76 3
77 3
78 3
79 3
80 3
81 3
82 3
83 3
84 3
85 3
86 3
87 3
88 3
89 3
90 3
91 3
92 3
93 3
94 3
95 3
96 3
97 3
98 3
99 3
100 3
101 3
102 3
103 3
104 3
105 3
106 3
107 3
108 3
109 3
110 3
111 3
112 3
113 3
114 3
115 3
116 3
117 3
118 3
119 3
120 3
121 3
122 3
123 3
124 3
125 3
126 3
161 3
162 3
163 3
164 3
165 3
166 3
167 3
168 3
169 3
170 3
171 3
172 3
173 3
174 3
175 3
176 3
177 3
178 3
179 3
180 3
181 3
182 3
183 3
184 3
185 3
186 3
187 3
188 3
189 3
190 3
191 3
192 3
193 3
194 3
195 3
196 3
197 3
198 3
199 3
200 3
201 3
202 3
203 3
204 3
205 3
206 3
207 3
208 3
209 3
210 3
211 3
212 3
213 3
214 3
215 3
216 3
217 3
218 3
219 3
220 3
221 3
222 3
223 3
224 3
225 3
226 3
227 3
228 3
229 3
230 3
231 3
232 3
233 3
234 3
235 3
236 3
237 3
238 3
239 3
240 3
241 3
242 3
243 3
244 3
245 3
246 3
247 3
248 3
249 3
250 3
251 3
252 3
253 3
254 3
255 3
38 40
9 41
10 41
13 41
32 41
33 41
34 41
35 41
36 41
37 41
38 41
40 41
41 41
42 41
43 41
44 41
45 41
46 41
47 41
48 41
49 41
50 41
51 41
52 41
53 41
54 41
55 41
56 41
57 41
58 41
59 41
60 41
61 41
62 41
63 41
64 41
65 41
66 41
67 41
68 41
69 41
70 41
71 41
72 41
73 41
74 41
75 41
76 41
77 41
78 41
79 41
80 41
81 41
82 41
83 41
84 41
85 41
86 41
87 41
88 41
89 41
90 41
91 41
92 41
93 41
94 41
95 41
96 41
97 41
98 41
99 41
100 41
101 41
102 41
103 41
104 41
105 41
106 41
107 41
108 41
109 41
110 41
111 41
112 41
113 41
114 41
115 41
116 41
117 41
118 41
119 41
120 41
121 41
122 41
123 41
124 41
125 41
126 41
161 41
162 41
163 41
164 41
165 41
166 41
167 41
168 41
169 41
170 41
171 41
172 41
173 41
174 41
175 41
176 41
177 41
178 41
179 41
180 41
181 41
182 41
183 41
184 41
185 41
186 41
187 41
188 41
189 41
190 41
191 41
192 41
193 41
194 41
195 41
196 41
197 41
198 41
199 41
200 41
201 41
202 41
203 41
204 41
205 41
206 41
207 41
208 41
209 41
210 41
211 41
212 41
213 41
214 41
215 41
216 41
217 41
218 41
219 41
220 41
221 41
222 41
223 41
224 41
225 41
226 41
227 41
228 41
229 41
230 41
231 41
232 41
233 41
234 41
235 41
236 41
237 41
238 41
239 41
240 41
241 41
242 41
243 41
244 41
245 41
246 41
247 41
248 41
249 41
250 41
251 41
252 41
253 41
254 41
255 41
42 42
45 21
48 21
49 21
50 21
51 21
52 21
53 21
54 21
55 21
56 21
57 21
65 21
66 21
67 21
68 21
69 21
70 21
71 21
72 21
73 21
74 21
75 21
76 21
77 21
78 21
79 21
80 21
81 21
82 21
83 21
84 21
85 21
86 21
87 21
88 21
89 21
90 21
95 21
97 21
98 21
99 21
100 21
101 21
102 21
103 21
104 21
105 21
106 21
107 21
108 21
109 21
110 21
111 21
112 21
113 21
114 21
115 21
116 21
117 21
118 21
119 21
120 21
121 21
122 21
42 43
47 44
44 45
45 21
48 46
49 46
50 46
51 46
52 46
53 46
54 46
55 46
56 46
57 46
65 21
66 21
67 21
68 21
69 21
70 21
71 21
72 21
73 21
74 21
75 21
76 21
77 21
78 21
79 21
80 21
81 21
82 21
83 21
84 21
85 21
86 21
87 21
88 21
89 21
90 21
95 21
97 21
98 21
99 21
100 21
101 21
102 21
103 21
104 21
105 21
106 21
107 21
108 21
109 21
110 21
111 21
112 21
113 21
114 21
115 21
116 21
117 21
118 21
119 21
120 21
121 21
122 21
60 47
61 48
61 49
61 50
62 51
45 21
48 21
49 21
50 21
51 21
52 21
53 21
54 21
55 21
56 21
57 21
65 21
66 21
67 21
68 21
69 21
70 21
71 21
72 21
73 21
74 21
75 21
76 21
77 21
78 21
79 21
80 21
81 21
82 21
83 21
84 21
85 21
86 21
87 21
88 21
89 21
90 21
95 21
97 21
98 21
99 21
100 21
101 21
102 21
103 21
104 21
105 21
106 21
107 21
108 21
109 21
110 21
111 21
112 21
113 21
114 21
115 21
116 21
117 21
118 21
119 21
120 21
121 21
122 21
45 21
48 21
49 21
50 21
51 21
52 21
53 21
54 21
55 21
56 21
57 21
65 21
66 21
67 21
68 21
69 21
70 21
71 21
72 21
73 21
74 21
75 21
76 21
77 21
78 21
79 21
80 21
81 21
82 21
83 21
84 21
85 21
86 21
87 21
88 21
89 21
90 21
95 21
97 21
98 21
99 21
100 21
101 21
102 21
103 21
104 21
105 21
106 21
107 21
108 21
109 21
110 21
111 52
112 21
113 21
114 21
115 21
116 21
117 21
118 21
119 21
120 21
121 21
122 21
45 21
48 21
49 21
50 21
51 21
52 21
53 21
54 21
55 21
56 21
57 21
65 21
66 21
67 21
68 21
69 21
70 21
71 21
72 21
73 21
74 21
75 21
76 21
77 21
78 21
79 21
80 21
81 21
82 21
83 21
84 21
85 21
86 21
87 21
88 21
89 21
90 21
95 21
97 21
98 21
99 21
100 21
101 21
102 21
103 21
104 21
105 21
106 21
107 21
108 21
109 21
110 21
111 53
112 21
113 21
114 21
115 21
116 21
117 21
118 21
119 21
120 21
121 21
122 21
45 21
48 21
49 21
50 21
51 21
52 21
53 21
54 21
55 21
56 21
57 21
65 21
66 21
67 21
68 21
69 21
70 21
71 21
72 21
73 21
74 21
75 21
76 21
77 21
78 21
79 21
80 21
81 21
82 21
83 21
84 21
85 21
86 21
87 21
88 21
89 21
90 21
95 21
97 21
98 21
99 21
100 21
101 21
102 21
103 21
104 21
105 21
106 21
107 21
108 54
109 21
110 21
111 21
112 21
113 21
114 21
115 21
116 21
117 21
118 21
119 21
120 21
121 21
122 21
45 21
48 21
49 21
50 21
51 21
52 21
53 21
54 21
55 21
56 21
57 21
65 21
66 21
67 21
68 21
69 21
70 21
71 21
72 21
73 21
74 21
75 21
76 21
77 21
78 21
79 21
80 21
81 21
82 21
83 21
84 21
85 21
86 21
87 21
88 21
89 21
90 21
95 21
97 21
98 21
99 21
100 21
101 21
102 21
103 21
104 21
105 21
106 21
107 21
108 21
109 21
110 21
111 55
112 21
113 21
114 21
115 21
116 21
117 56
118 21
119 21
120 21
121 21
122 21
45 21
48 21
49 21
50 21
51 21
52 21
53 21
54 21
55 21
56 21
57 21
65 21
66 21
67 21
68 21
69 21
70 21
71 21
72 21
73 21
74 21
75 21
76 21
77 21
78 21
79 21
80 21
81 21
82 21
83 21
84 21
85 21
86 21
87 21
88 21
89 21
90 21
95 21
97 21
98 21
99 21
100 21
101 21
102 57
103 21
104 21
105 21
106 21
107 21
108 21
109 21
110 58
111 21
112 21
113 21
114 21
115 21
116 21
117 21
118 21
119 21
120 21
121 21
122 21
45 21
48 21
49 21
50 21
51 21
52 21
53 21
54 21
55 21
56 21
57 21
65 21
66 21
67 21
68 21
69 21
70 21
71 21
72 21
73 21
74 21
75 21
76 21
77 21
78 21
79 21
80 21
81 21
82 21
83 21
84 21
85 21
86 21
87 21
88 21
89 21
90 21
95 21
97 21
98 21
99 21
100 21
101 21
102 21
103 21
104 21
105 21
106 21
107 21
108 21
109 21
110 21
111 21
112 21
113 21
114 21
115 21
116 21
117 59
118 21
119 21
120 21
121 21
122 21
45 21
48 21
49 21
50 21
51 21
52 21
53 21
54 21
55 21
56 21
57 21
65 21
66 21
67 21
68 21
69 21
70 21
71 21
72 21
73 21
74 21
75 21
76 21
77 21
78 21
79 21
80 21
81 21
82 21
83 21
84 21
85 21
86 21
87 21
88 21
89 21
90 21
95 21
97 21
98 21
99 21
100 21
101 60
102 21
103 21
104 21
105 21
106 21
107 21
108 21
109 21
110 21
111 21
112 21
113 21
114 21
115 21
116 21
117 21
118 21
119 21
120 21
121 21
122 21
45 21
48 21
49 21
50 21
51 21
52 21
53 21
54 21
55 21
56 21
57 21
65 21
66 21
67 21
68 21
69 21
70 21
71 21
72 21
73 21
74 21
75 21
76 21
77 21
78 21
79 21
80 21
81 21
82 21
83 21
84 21
85 21
86 21
87 21
88 21
89 21
90 21
95 21
97 61
98 21
99 21
100 21
101 21
102 21
103 21
104 21
105 21
106 21
107 21
108 21
109 21
110 21
111 21
112 21
113 21
114 21
115 21
116 21
117 21
118 21
119 21
120 21
121 21
122 21
45 21
48 21
49 21
50 21
51 21
52 21
53 21
54 21
55 21
56 21
57 21
65 21
66 21
67 21
68 21
69 21
70 21
71 21
72 21
73 21
74 21
75 21
76 21
77 21
78 21
79 21
80 21
81 21
82 21
83 21
84 21
85 21
86 21
87 21
88 21
89 21
90 21
95 21
97 21
98 21
99 21
100 21
101 21
102 21
103 21
104 62
105 21
106 21
107 21
108 21
109 21
110 21
111 21
112 21
113 21
114 21
115 21
116 21
117 21
118 21
119 21
120 21
121 21
122 21
124 63
39 64
9 43
10 43
13 43
32 43
33 43
34 43
35 43
36 43
37 43
38 43
39 43
40 43
41 43
42 65
43 43
44 43
45 43
46 43
47 43
48 43
49 43
50 43
51 43
52 43
53 43
54 43
55 43
56 43
57 43
58 43
59 43
60 43
61 43
62 43
63 43
64 43
65 43
66 43
67 43
68 43
69 43
70 43
71 43
72 43
73 43
74 43
75 43
76 43
77 43
78 43
79 43
80 43
81 43
82 43
83 43
84 43
85 43
86 43
87 43
88 43
89 43
90 43
91 43
92 43
93 43
94 43
95 43
96 43
97 43
98 43
99 43
100 43
101 43
102 43
103 43
104 43
105 43
106 43
107 43
108 43
109 43
110 43
111 43
112 43
113 43
114 43
115 43
116 43
117 43
118 43
119 43
120 43
121 43
122 43
123 43
124 43
125 43
126 43
161 43
162 43
163 43
164 43
165 43
166 43
167 43
168 43
169 43
170 43
171 43
172 43
173 43
174 43
175 43
176 43
177 43
178 43
179 43
180 43
181 43
182 43
183 43
184 43
185 43
186 43
187 43
188 43
189 43
190 43
191 43
192 43
193 43
194 43
195 43
196 43
197 43
198 43
199 43
200 43
201 43
202 43
203 43
204 43
205 43
206 43
207 43
208 43
209 43
210 43
211 43
212 43
213 43
214 43
215 43
216 43
217 43
218 43
219 43
220 43
221 43
222 43
223 43
224 43
225 43
226 43
227 43
228 43
229 43
230 43
231 43
232 43
233 43
234 43
235 43
236 43
237 43
238 43
239 43
240 43
241 43
242 43
243 43
244 43
245 43
246 43
247 43
248 43
249 43
250 43
251 43
252 43
253 43
254 43
255 43
9 44
32 44
33 44
34 44
35 44
36 44
37 44
38 44
39 44
40 44
41 44
42 44
43 44
44 44
45 44
46 44
47 44
48 44
49 44
50 44
51 44
52 44
53 44
54 44
55 44
56 44
57 44
58 44
59 44
60 44
61 44
62 44
63 44
64 44
65 44
66 44
67 44
68 44
69 44
70 44
71 44
72 44
73 44
74 44
75 44
76 44
77 44
78 44
79 44
80 44
81 44
82 44
83 44
84 44
85 44
86 44
87 44
88 44
89 44
90 44
91 44
92 44
93 44
94 44
95 44
96 44
97 44
98 44
99 44
100 44
101 44
102 44
103 44
104 44
105 44
106 44
107 44
108 44
109 44
110 44
111 44
112 44
113 44
114 44
115 44
116 44
117 44
118 44
119 44
120 44
121 44
122 44
123 44
124 44
125 44
126 44
161 44
162 44
163 44
164 44
165 44
166 44
167 44
168 44
169 44
170 44
171 44
172 44
173 44
174 44
175 44
176 44
177 44
178 44
179 44
180 44
181 44
182 44
183 44
184 44
185 44
186 44
187 44
188 44
189 44
190 44
191 44
192 44
193 44
194 44
195 44
196 44
197 44
198 44
199 44
200 44
201 44
202 44
203 44
204 44
205 44
206 44
207 44
208 44
209 44
210 44
211 44
212 44
213 44
214 44
215 44
216 44
217 44
218 44
219 44
220 44
221 44
222 44
223 44
224 44
225 44
226 44
227 44
228 44
229 44
230 44
231 44
232 44
233 44
234 44
235 44
236 44
237 44
238 44
239 44
240 44
241 44
242 44
243 44
244 44
245 44
246 44
247 44
248 44
249 44
250 44
251 44
252 44
253 44
254 44
255 44
48 66
49 66
50 66
51 66
52 66
53 66
54 66
55 66
56 66
57 66
45 21
48 46
49 46
50 46
51 46
52 46
53 46
54 46
55 46
56 46
57 46
65 21
66 21
67 21
68 21
69 21
70 21
71 21
72 21
73 21
74 21
75 21
76 21
77 21
78 21
79 21
80 21
81 21
82 21
83 21
84 21
85 21
86 21
87 21
88 21
89 21
90 21
95 21
97 21
98 21
99 21
100 21
101 21
102 21
103 21
104 21
105 21
106 21
107 21
108 21
109 21
110 21
111 21
112 21
113 21
114 21
115 21
116 21
117 21
118 21
119 21
120 21
121 21
122 21
45 21
48 21
49 21
50 21
51 21
52 21
53 21
54 21
55 21
56 21
57 21
65 21
66 21
67 21
68 21
69 21
70 21
71 21
72 21
73 21
74 21
75 21
76 21
77 21
78 21
79 21
80 21
81 21
82 21
83 21
84 21
85 21
86 21
87 21
88 21
89 21
90 21
95 21
97 21
98 21
99 21
100 21
101 21
102 21
103 21
104 21
105 21
106 21
107 21
108 21
109 21
110 67
111 21
112 21
113 21
114 21
115 21
116 21
117 21
118 21
119 21
120 21
121 21
122 21
45 21
48 21
49 21
50 21
51 21
52 21
53 21
54 21
55 21
56 21
57 21
65 21
66 21
67 21
68 21
69 21
70 21
71 21
72 21
73 21
74 21
75 21
76 21
77 21
78 21
79 21
80 21
81 21
82 21
83 21
84 21
85 21
86 21
87 21
88 21
89 21
90 21
95 21
97 21
98 21
99 21
100 21
101 21
102 21
103 21
104 21
105 21
106 21
107 21
108 21
109 21
110 21
111 21
112 21
113 21
114 21
115 21
116 21
117 21
118 21
119 21
120 21
121 21
122 21
45 21
48 21
49 21
50 21
51 21
52 21
53 21
54 21
55 21
56 21
57 21
65 21
66 21
67 21
68 21
69 21
70 21
71 21
72 21
73 21
74 21
75 21
76 21
77 21
78 21
79 21
80 21
81 21
82 21
83 21
84 21
85 21
86 21
87 21
88 21
89 21
90 21
95 21
97 21
98 21
99 21
100 21
101 21
102 21
103 21
104 21
105 21
106 21
107 21
108 21
109 21
110 21
111 21
112 21
113 21
114 21
115 68
116 21
117 21
118 21
119 21
120 21
121 21
122 21
45 21
48 21
49 21
50 21
51 21
52 21
53 21
54 21
55 21
56 21
57 21
65 21
66 21
67 21
68 21
69 21
70 21
71 21
72 21
73 21
74 21
75 21
76 21
77 21
78 21
79 21
80 21
81 21
82 21
83 21
84 21
85 21
86 21
87 21
88 21
89 21
90 21
95 21
97 21
98 21
99 21
100 21
101 21
102 21
103 21
104 21
105 21
106 21
107 21
108 21
109 21
110 21
111 21
112 21
113 21
114 69
115 21
116 21
117 21
118 21
119 21
120 21
121 21
122 21
45 21
48 21
49 21
50 21
51 21
52 21
53 21
54 21
55 21
56 21
57 21
65 21
66 21
67 21
68 21
69 21
70 21
71 21
72 21
73 21
74 21
75 21
76 21
77 21
78 21
79 21
80 21
81 21
82 21
83 21
84 21
85 21
86 21
87 21
88 21
89 21
90 21
95 21
97 21
98 21
99 21
100 21
101 21
102 21
103 21
104 21
105 21
106 21
107 21
108 21
109 21
110 70
111 21
112 21
113 21
114 21
115 21
116 21
117 21
118 21
119 21
120 21
121 21
122 21
45 21
48 21
49 21
50 21
51 21
52 21
53 21
54 21
55 21
56 21
57 21
65 21
66 21
67 21
68 21
69 21
70 21
71 21
72 21
73 21
74 21
75 21
76 21
77 21
78 21
79 21
80 21
81 21
82 21
83 21
84 21
85 21
86 21
87 21
88 21
89 21
90 21
95 21
97 21
98 21
99 21
100 21
101 21
102 21
103 21
104 21
105 21
106 21
107 21
108 21
109 21
110 21
111 21
112 21
113 21
114 21
115 21
116 21
117 21
118 21
119 21
120 21
121 21
122 21
45 21
48 21
49 21
50 21
51 21
52 21
53 21
54 21
55 21
56 21
57 21
65 21
66 21
67 21
68 21
69 21
70 21
71 21
72 21
73 21
74 21
75 21
76 21
77 21
78 21
79 21
80 21
81 21
82 21
83 21
84 21
85 21
86 21
87 21
88 21
89 21
90 21
95 21
97 21
98 21
99 21
100 21
101 21
102 21
103 21
104 21
105 21
106 21
107 21
108 21
109 21
110 21
111 21
112 71
113 21
114 21
115 21
116 21
117 21
118 21
119 21
120 21
121 21
122 21
45 21
48 21
49 21
50 21
51 21
52 21
53 21
54 21
55 21
56 21
57 21
65 21
66 21
67 21
68 21
69 21
70 21
71 21
72 21
73 21
74 21
75 21
76 21
77 21
78 21
79 21
80 21
81 21
82 21
83 21
84 21
85 21
86 21
87 21
88 21
89 21
90 21
95 21
97 21
98 21
99 21
100 21
101 21
102 21
103 21
104 21
105 21
106 21
107 21
108 21
109 21
110 21
111 21
112 21
113 21
114 21
115 21
116 72
117 21
118 21
119 21
120 21
121 21
122 21
45 21
48 21
49 21
50 21
51 21
52 21
53 21
54 21
55 21
56 21
57 21
65 21
66 21
67 21
68 21
69 21
70 21
71 21
72 21
73 21
74 21
75 21
76 21
77 21
78 21
79 21
80 21
81 21
82 21
83 21
84 21
85 21
86 21
87 21
88 21
89 21
90 21
95 21
97 21
98 21
99 21
100 21
101 21
102 21
103 21
104 21
105 21
106 21
107 21
108 21
109 21
110 21
111 21
112 21
113 21
114 21
115 21
116 73
117 21
118 21
119 21
120 21
121 21
122 21
45 21
48 21
49 21
50 21
51 21
52 21
53 21
54 21
55 21
56 21
57 21
65 21
66 21
67 21
68 21
69 21
70 21
71 21
72 21
73 21
74 21
75 21
76 21
77 21
78 21
79 21
80 21
81 21
82 21
83 21
84 21
85 21
86 21
87 21
88 21
89 21
90 21
95 21
97 21
98 21
99 21
100 21
101 21
102 21
103 21
104 21
105 21
106 21
107 21
108 21
109 21
110 21
111 21
112 21
113 21
114 74
115 21
116 21
117 21
118 21
119 21
120 21
121 21
122 21
45 21
48 21
49 21
50 21
51 21
52 21
53 21
54 21
55 21
56 21
57 21
65 21
66 21
67 21
68 21
69 21
70 21
71 21
72 21
73 21
74 21
75 21
76 21
77 21
78 21
79 21
80 21
81 21
82 21
83 21
84 21
85 21
86 21
87 21
88 21
89 21
90 21
95 21
97 21
98 21
99 21
100 21
101 21
102 21
103 21
104 21
105 75
106 21
107 21
108 21
109 21
110 21
111 21
112 21
113 21
114 21
115 21
116 21
117 21
118 21
119 21
120 21
121 21
122 21
9 43
10 43
13 43
32 43
33 43
34 43
35 43
36 43
37 43
38 43
39 43
40 43
41 43
42 76
43 43
44 43
45 43
46 43
47 77
48 43
49 43
50 43
51 43
52 43
53 43
54 43
55 43
56 43
57 43
58 43
59 43
60 43
61 43
62 43
63 43
64 43
65 43
66 43
67 43
68 43
69 43
70 43
71 43
72 43
73 43
74 43
75 43
76 43
77 43
78 43
79 43
80 43
81 43
82 43
83 43
84 43
85 43
86 43
87 43
88 43
89 43
90 43
91 43
92 43
93 43
94 43
95 43
96 43
97 43
98 43
99 43
100 43
101 43
102 43
103 43
104 43
105 43
106 43
107 43
108 43
109 43
110 43
111 43
112 43
113 43
114 43
115 43
116 43
117 43
118 43
119 43
120 43
121 43
122 43
123 43
124 43
125 43
126 43
161 43
162 43
163 43
164 43
165 43
166 43
167 43
168 43
169 43
170 43
171 43
172 43
173 43
174 43
175 43
176 43
177 43
178 43
179 43
180 43
181 43
182 43
183 43
184 43
185 43
186 43
187 43
188 43
189 43
190 43
191 43
192 43
193 43
194 43
195 43
196 43
197 43
198 43
199 43
200 43
201 43
202 43
203 43
204 43
205 43
206 43
207 43
208 43
209 43
210 43
211 43
212 43
213 43
214 43
215 43
216 43
217 43
218 43
219 43
220 43
221 43
222 43
223 43
224 43
225 43
226 43
227 43
228 43
229 43
230 43
231 43
232 43
233 43
234 43
235 43
236 43
237 43
238 43
239 43
240 43
241 43
242 43
243 43
244 43
245 43
246 43
247 43
248 43
249 43
250 43
251 43
252 43
253 43
254 43
255 43
45 21
48 21
49 21
50 21
51 21
52 21
53 21
54 21
55 21
56 21
57 21
65 21
66 21
67 21
68 21
69 21
70 21
71 21
72 21
73 21
74 21
75 21
76 21
77 21
78 21
79 21
80 21
81 21
82 21
83 21
84 21
85 21
86 21
87 21
88 21
89 21
90 21
95 21
97 21
98 21
99 21
100 21
101 21
102 21
103 21
104 21
105 21
106 21
107 21
108 21
109 21
110 21
111 21
112 21
113 21
114 21
115 78
116 21
117 21
118 21
119 21
120 21
121 21
122 21
45 21
48 21
49 21
50 21
51 21
52 21
53 21
54 21
55 21
56 21
57 21
65 21
66 21
67 21
68 21
69 21
70 21
71 21
72 21
73 21
74 21
75 21
76 21
77 21
78 21
79 21
80 21
81 21
82 21
83 21
84 21
85 21
86 21
87 21
88 21
89 21
90 21
95 21
97 21
98 21
99 21
100 21
101 79
102 21
103 21
104 21
105 21
106 21
107 21
108 21
109 21
110 21
111 21
112 21
113 21
114 21
115 21
116 21
117 21
118 21
119 21
120 21
121 21
122 21
45 21
48 21
49 21
50 21
51 21
52 21
53 21
54 21
55 21
56 21
57 21
65 21
66 21
67 21
68 21
69 21
70 21
71 21
72 21
73 21
74 21
75 21
76 21
77 21
78 21
79 21
80 21
81 21
82 21
83 21
84 21
85 21
86 21
87 21
88 21
89 21
90 21
95 21
97 21
98 21
99 21
100 21
101 21
102 21
103 21
104 21
105 21
106 21
107 21
108 21
109 21
110 21
111 21
112 21
113 21
114 21
115 21
116 21
117 21
118 21
119 21
120 21
121 21
122 21
45 21
48 21
49 21
50 21
51 21
52 21
53 21
54 21
55 21
56 21
57 21
65 21
66 21
67 21
68 21
69 21
70 21
71 21
72 21
73 21
74 21
75 21
76 21
77 21
78 21
79 21
80 21
81 21
82 21
83 21
84 21
85 21
86 21
87 21
88 21
89 21
90 21
95 21
97 21
98 21
99 80
100 21
101 21
102 21
103 21
104 21
105 21
106 21
107 21
108 21
109 21
110 21
111 21
112 21
113 21
114 21
115 21
116 21
117 21
118 21
119 21
120 21
121 21
122 21
45 21
48 21
49 21
50 21
51 21
52 21
53 21
54 21
55 21
56 21
57 21
65 21
66 21
67 21
68 21
69 21
70 21
71 21
72 21
73 21
74 21
75 21
76 21
77 21
78 21
79 21
80 21
81 21
82 21
83 21
84 21
85 21
86 21
87 21
88 21
89 21
90 21
95 21
97 21
98 21
99 21
100 21
101 21
102 21
103 21
104 21
105 21
106 21
107 21
108 21
109 21
110 21
111 21
112 21
113 21
114 21
115 21
116 21
117 81
118 21
119 21
120 21
121 21
122 21
45 21
48 21
49 21
50 21
51 21
52 21
53 21
54 21
55 21
56 21
57 21
58 82
65 21
66 21
67 21
68 21
69 21
70 21
71 21
72 21
73 21
74 21
75 21
76 21
77 21
78 21
79 21
80 21
81 21
82 21
83 21
84 21
85 21
86 21
87 21
88 21
89 21
90 21
95 21
97 21
98 21
99 21
100 21
101 21
102 21
103 21
104 21
105 21
106 21
107 21
108 21
109 21
110 21
111 21
112 21
113 21
114 21
115 21
116 21
117 21
118 21
119 21
120 21
121 21
122 21
45 21
48 21
49 21
50 21
51 21
52 21
53 21
54 21
55 21
56 21
57 21
65 21
66 21
67 21
68 21
69 21
70 21
71 21
72 21
73 21
74 21
75 21
76 21
77 21
78 21
79 21
80 21
81 21
82 21
83 21
84 21
85 21
86 21
87 21
88 21
89 21
90 21
95 21
97 21
98 21
99 21
100 21
101 21
102 21
103 21
104 21
105 21
106 21
107 21
108 21
109 21
110 21
111 21
112 21
113 21
114 21
115 21
116 21
117 83
118 21
119 21
120 21
121 21
122 21
45 21
48 21
49 21
50 21
51 21
52 21
53 21
54 21
55 21
56 21
57 21
65 21
66 21
67 21
68 21
69 21
70 21
71 21
72 21
73 21
74 21
75 21
76 21
77 21
78 21
79 21
80 21
81 21
82 21
83 21
84 21
85 21
86 21
87 21
88 21
89 21
90 21
95 21
97 21
98 21
99 21
100 21
101 21
102 21
103 21
104 21
105 21
106 21
107 21
108 21
109 21
110 21
111 21
112 21
113 21
114 21
115 21
116 21
117 21
118 21
119 21
120 21
121 21
122 21
45 21
48 21
49 21
50 21
51 21
52 21
53 21
54 21
55 21
56 21
57 21
65 21
66 21
67 21
68 21
69 21
70 21
71 21
72 21
73 21
74 21
75 21
76 21
77 21
78 21
79 21
80 21
81 21
82 21
83 21
84 21
85 21
86 21
87 21
88 21
89 21
90 21
95 21
97 21
98 21
99 21
100 21
101 21
102 21
103 21
104 21
105 21
106 21
107 21
108 84
109 21
110 21
111 21
112 21
113 21
114 21
115 21
116 21
117 21
118 21
119 21
120 21
121 21
122 21
9 43
10 43
13 43
32 43
33 43
34 43
35 43
36 43
37 43
38 43
39 43
40 43
41 43
42 76
43 43
44 43
45 43
46 43
47 85
48 43
49 43
50 43
51 43
52 43
53 43
54 43
55 43
56 43
57 43
58 43
59 43
60 43
61 43
62 43
63 43
64 43
65 43
66 43
67 43
68 43
69 43
70 43
71 43
72 43
73 43
74 43
75 43
76 43
77 43
78 43
79 43
80 43
81 43
82 43
83 43
84 43
85 43
86 43
87 43
88 43
89 43
90 43
91 43
92 43
93 43
94 43
95 43
96 43
97 43
98 43
99 43
100 43
101 43
102 43
103 43
104 43
105 43
106 43
107 43
108 43
109 43
110 43
111 43
112 43
113 43
114 43
115 43
116 43
117 43
118 43
119 43
120 43
121 43
122 43
123 43
124 43
125 43
126 43
161 43
162 43
163 43
164 43
165 43
166 43
167 43
168 43
169 43
170 43
171 43
172 43
173 43
174 43
175 43
176 43
177 43
178 43
179 43
180 43
181 43
182 43
183 43
184 43
185 43
186 43
187 43
188 43
189 43
190 43
191 43
192 43
193 43
194 43
195 43
196 43
197 43
198 43
199 43
200 43
201 43
202 43
203 43
204 43
205 43
206 43
207 43
208 43
209 43
210 43
211 43
212 43
213 43
214 43
215 43
216 43
217 43
218 43
219 43
220 43
221 43
222 43
223 43
224 43
225 43
226 43
227 43
228 43
229 43
230 43
231 43
232 43
233 43
234 43
235 43
236 43
237 43
238 43
239 43
240 43
241 43
242 43
243 43
244 43
245 43
246 43
247 43
248 43
249 43
250 43
251 43
252 43
253 43
254 43
255 43
45 21
48 21
49 21
50 21
51 21
52 21
53 21
54 21
55 21
56 21
57 21
65 21
66 21
67 21
68 21
69 21
70 21
71 21
72 21
73 21
74 21
75 21
76 21
77 21
78 21
79 21
80 21
81 21
82 21
83 21
84 21
85 21
86 21
87 21
88 21
89 21
90 21
95 21
97 21
98 21
99 21
100 21
101 21
102 21
103 21
104 21
105 21
106 21
107 21
108 21
109 21
110 21
111 21
112 21
113 21
114 21
115 21
116 86
117 21
118 21
119 21
120 21
121 21
122 21
32 87
45 21
48 21
49 21
50 21
51 21
52 21
53 21
54 21
55 21
56 21
57 21
65 21
66 21
67 21
68 21
69 21
70 21
71 21
72 21
73 21
74 21
75 21
76 21
77 21
78 21
79 21
80 21
81 21
82 21
83 21
84 21
85 21
86 21
87 21
88 21
89 21
90 21
95 21
97 21
98 21
99 21
100 21
101 21
102 21
103 21
104 21
105 21
106 21
107 21
108 21
109 21
110 21
111 21
112 21
113 21
114 21
115 21
116 21
117 21
118 21
119 21
120 21
121 21
122 21
45 21
48 21
49 21
50 21
51 21
52 21
53 21
54 21
55 21
56 21
57 21
65 21
66 21
67 21
68 21
69 21
70 21
71 21
72 21
73 21
74 21
75 21
76 21
77 21
78 21
79 21
80 21
81 21
82 21
83 21
84 21
85 21
86 21
87 21
88 21
89 21
90 21
95 21
97 21
98 21
99 21
100 21
101 21
102 21
103 21
104 21
105 21
106 21
107 21
108 21
109 21
110 21
111 21
112 21
113 21
114 21
115 21
116 88
117 21
118 21
119 21
120 21
121 21
122 21
45 21
48 21
49 21
50 21
51 21
52 21
53 21
54 21
55 21
56 21
57 21
65 21
66 21
67 21
68 21
69 21
70 21
71 21
72 21
73 21
74 21
75 21
76 21
77 21
78 21
79 21
80 21
81 21
82 21
83 21
84 21
85 21
86 21
87 21
88 21
89 21
90 21
95 21
97 21
98 21
99 21
100 21
101 21
102 21
103 21
104 21
105 21
106 21
107 21
108 21
109 21
110 21
111 21
112 21
113 21
114 21
115 21
116 89
117 21
118 21
119 21
120 21
121 21
122 21
58 90
45 21
48 21
49 21
50 21
51 21
52 21
53 21
54 21
55 21
56 21
57 21
65 21
66 21
67 21
68 21
69 21
70 21
71 21
72 21
73 21
74 21
75 21
76 21
77 21
78 21
79 21
80 21
81 21
82 21
83 21
84 21
85 21
86 21
87 21
88 21
89 21
90 21
95 21
97 21
98 21
99 21
100 21
101 21
102 21
103 21
104 21
105 21
106 21
107 21
108 21
109 21
110 21
111 21
112 21
113 21
114 91
115 21
116 21
117 21
118 21
119 21
120 21
121 21
122 21
45 21
48 21
49 21
50 21
51 21
52 21
53 21
54 21
55 21
56 21
57 21
65 21
66 21
67 21
68 21
69 21
70 21
71 21
72 21
73 21
74 21
75 21
76 21
77 21
78 21
79 21
80 21
81 21
82 21
83 21
84 21
85 21
86 21
87 21
88 21
89 21
90 21
95 21
97 21
98 21
99 21
100 21
101 92
102 21
103 21
104 21
105 21
106 21
107 21
108 21
109 21
110 21
111 21
112 21
113 21
114 21
115 21
116 21
117 21
118 21
119 21
120 21
121 21
122 21
9 43
10 43
13 43
32 43
33 43
34 43
35 43
36 43
37 43
38 43
39 43
40 43
41 43
42 65
43 43
44 43
45 43
46 43
47 43
48 43
49 43
50 43
51 43
52 43
53 43
54 43
55 43
56 43
57 43
58 43
59 43
60 43
61 43
62 43
63 43
64 43
65 43
66 43
67 43
68 43
69 43
70 43
71 43
72 43
73 43
74 43
75 43
76 43
77 43
78 43
79 43
80 43
81 43
82 43
83 43
84 43
85 43
86 43
87 43
88 43
89 43
90 43
91 43
92 43
93 43
94 43
95 43
96 43
97 43
98 43
99 43
100 43
101 43
102 43
103 43
104 43
105 43
106 43
107 43
108 43
109 43
110 43
111 43
112 43
113 43
114 43
115 43
116 43
117 43
118 43
119 43
120 43
121 43
122 43
123 43
124 43
125 43
126 43
161 43
162 43
163 43
164 43
165 43
166 43
167 43
168 43
169 43
170 43
171 43
172 43
173 43
174 43
175 43
176 43
177 43
178 43
179 43
180 43
181 43
182 43
183 43
184 43
185 43
186 43
187 43
188 43
189 43
190 43
191 43
192 43
193 43
194 43
195 43
196 43
197 43
198 43
199 43
200 43
201 43
202 43
203 43
204 43
205 43
206 43
207 43
208 43
209 43
210 43
211 43
212 43
213 43
214 43
215 43
216 43
217 43
218 43
219 43
220 43
221 43
222 43
223 43
224 43
225 43
226 43
227 43
228 43
229 43
230 43
231 43
232 43
233 43
234 43
235 43
236 43
237 43
238 43
239 43
240 43
241 43
242 43
243 43
244 43
245 43
246 43
247 43
248 43
249 43
250 43
251 43
252 43
253 43
254 43
255 43
45 21
48 21
49 21
50 21
51 21
52 21
53 21
54 21
55 21
56 21
57 21
65 21
66 21
67 21
68 21
69 21
70 21
71 21
72 21
73 21
74 21
75 21
76 21
77 21
78 21
79 21
80 21
81 21
82 21
83 21
84 21
85 21
86 21
87 21
88 21
89 21
90 21
95 21
97 21
98 21
99 21
100 21
101 21
102 21
103 21
104 21
105 21
106 21
107 21
108 21
109 21
110 21
111 21
112 21
113 21
114 21
115 21
116 21
117 21
118 21
119 21
120 21
121 21
122 21
105 93
45 21
48 21
49 21
50 21
51 21
52 21
53 21
54 21
55 21
56 21
57 21
65 21
66 21
67 21
68 21
69 21
70 21
71 21
72 21
73 21
74 21
75 21
76 21
77 21
78 21
79 21
80 21
81 21
82 21
83 21
84 21
85 21
86 21
87 21
88 21
89 21
90 21
95 21
97 21
98 21
99 21
100 21
101 21
102 21
103 21
104 21
105 94
106 21
107 21
108 21
109 21
110 21
111 21
112 21
113 21
114 21
115 21
116 21
117 21
118 21
119 21
120 21
121 21
122 21
45 21
48 21
49 21
50 21
51 21
52 21
53 21
54 21
55 21
56 21
57 21
58 95
65 21
66 21
67 21
68 21
69 21
70 21
71 21
72 21
73 21
74 21
75 21
76 21
77 21
78 21
79 21
80 21
81 21
82 21
83 21
84 21
85 21
86 21
87 21
88 21
89 21
90 21
95 21
97 21
98 21
99 21
100 21
101 21
102 21
103 21
104 21
105 21
106 21
107 21
108 21
109 21
110 21
111 21
112 21
113 21
114 21
115 21
116 21
117 21
118 21
119 21
120 21
121 21
122 21
45 21
48 21
49 21
50 21
51 21
52 21
53 21
54 21
55 21
56 21
57 21
65 21
66 21
67 21
68 21
69 21
70 21
71 21
72 21
73 21
74 21
75 21
76 21
77 21
78 21
79 21
80 21
81 21
82 21
83 21
84 21
85 21
86 21
87 21
88 21
89 21
90 21
95 21
97 21
98 21
99 21
100 21
101 21
102 21
103 21
104 21
105 21
106 21
107 21
108 21
109 21
110 96
111 21
112 21
113 21
114 21
115 21
116 21
117 21
118 21
119 21
120 21
121 21
122 21
45 21
48 21
49 21
50 21
51 21
52 21
53 21
54 21
55 21
56 21
57 21
65 21
66 21
67 21
68 21
69 21
70 21
71 21
72 21
73 21
74 21
75 21
76 21
77 21
78 21
79 21
80 21
81 21
82 21
83 21
84 21
85 21
86 21
87 21
88 21
89 21
90 21
95 21
97 21
98 21
99 21
100 21
101 21
102 21
103 21
104 21
105 21
106 21
107 21
108 21
109 21
110 21
111 21
112 21
113 21
114 21
115 21
116 21
117 21
118 21
119 21
120 21
121 21
122 21
102 97
45 21
48 21
49 21
50 21
51 21
52 21
53 21
54 21
55 21
56 21
57 21
65 21
66 21
67 21
68 21
69 21
70 21
71 21
72 21
73 21
74 21
75 21
76 21
77 21
78 21
79 21
80 21
81 21
82 21
83 21
84 21
85 21
86 21
87 21
88 21
89 21
90 21
95 21
97 21
98 21
99 21
100 21
101 21
102 21
103 21
104 21
105 21
106 21
107 21
108 21
109 21
110 21
111 98
112 21
113 21
114 21
115 21
116 21
117 21
118 21
119 21
120 21
121 21
122 21
58 99
45 21
48 21
49 21
50 21
51 21
52 21
53 21
54 21
55 21
56 21
57 21
65 21
66 21
67 21
68 21
69 21
70 21
71 21
72 21
73 21
74 21
75 21
76 21
77 21
78 21
79 21
80 21
81 21
82 21
83 21
84 21
85 21
86 21
87 21
88 21
89 21
90 21
95 21
97 21
98 21
99 21
100 21
101 21
102 21
103 21
104 21
105 21
106 21
107 21
108 21
109 21
110 21
111 21
112 21
113 21
114 21
115 21
116 21
117 21
118 21
119 21
120 21
121 21
122 21
45 21
48 21
49 21
50 21
51 21
52 21
53 21
54 21
55 21
56 21
57 21
65 21
66 21
67 21
68 21
69 21
70 21
71 21
72 21
73 21
74 21
75 21
76 21
77 21
78 21
79 21
80 21
81 21
82 21
83 21
84 21
85 21
86 21
87 21
88 21
89 21
90 21
95 21
97 21
98 21
99 21
100 21
101 21
102 21
103 21
104 21
105 21
106 21
107 21
108 21
109 21
110 100
111 21
112 21
113 21
114 21
115 21
116 21
117 21
118 21
119 21
120 21
121 21
122 21
45 21
48 21
49 21
50 21
51 21
52 21
53 21
54 21
55 21
56 21
57 21
65 21
66 21
67 21
68 21
69 21
70 21
71 21
72 21
73 21
74 21
75 21
76 21
77 21
78 21
79 21
80 21
81 21
82 21
83 21
84 21
85 21
86 21
87 21
88 21
89 21
90 21
95 21
97 21
98 21
99 21
100 21
101 21
102 21
103 21
104 21
105 21
106 21
107 21
108 21
109 21
110 21
111 21
112 21
113 21
114 21
115 21
116 21
117 21
118 21
119 21
120 21
121 21
122 21
    ;